

2699_01WaterWater090.xyz
O    -0.702196054    -0.056060256    0.009942262
H    -1.022193224    0.846775782    -0.011488714
H    0.257521062    0.042121496    0.005218999
O    2.067772248    0.027918025    0.000979062
H    2.444393863    -0.410462041    0.767103444
H    2.440036565    -0.448294950    -0.744423440


2700_01WaterWater095.xyz
O    -0.702196054    -0.056060256    0.009942262
H    -1.022193224    0.846775782    -0.011488714
H    0.257521062    0.042121496    0.005218999
O    2.168412795    0.027128386    0.000743343
H    2.545034410    -0.411251680    0.766867725
H    2.540677112    -0.449084589    -0.744659159


2701_01WaterWater100.xyz
O    -0.702196054    -0.056060256    0.009942262
H    -1.022193224    0.846775782    -0.011488714
H    0.257521062    0.042121496    0.005218999
O    2.268880784    0.026340101    0.000508029
H    2.645502399    -0.412039965    0.766632411
H    2.641145101    -0.449872874    -0.744894473


2702_01WaterWater105.xyz
O    -0.702196054    -0.056060256    0.009942262
H    -1.022193224    0.846775782    -0.011488714
H    0.257521062    0.042121496    0.005218999
O    2.369548767    0.025550247    0.000272246
H    2.746170382    -0.412829819    0.766396628
H    2.741813084    -0.450662728    -0.745130256


2703_01WaterWater110.xyz
O    -0.702196054    -0.056060256    0.009942262
H    -1.022193224    0.846775782    -0.011488714
H    0.257521062    0.042121496    0.005218999
O    2.470116753    0.024761177    0.000036698
H    2.846738368    -0.413618889    0.766161080
H    2.842381070    -0.451451798    -0.745365804


2704_01WaterWater125.xyz
O    -0.702196054    -0.056060256    0.009942262
H    -1.022193224    0.846775782    -0.011488714
H    0.257521062    0.042121496    0.005218999
O    2.771820711    0.022393968    -0.000669948
H    3.148442326    -0.415986098    0.765454434
H    3.144085028    -0.453819007    -0.746072450


2705_01WaterWater150.xyz
O    -0.702196054    -0.056060256    0.009942262
H    -1.022193224    0.846775782    -0.011488714
H    0.257521062    0.042121496    0.005218999
O    3.274660642    0.018448619    -0.001847690
H    3.651282257    -0.419931447    0.764276692
H    3.646924959    -0.457764356    -0.747250192


2706_01WaterWater200.xyz
O    -0.702196054    -0.056060256    0.009942262
H    -1.022193224    0.846775782    -0.011488714
H    0.257521062    0.042121496    0.005218999
O    4.280340503    0.010557921    -0.004203175
H    4.656962118    -0.427822145    0.761921207
H    4.652604820    -0.465655054    -0.749605677


2707_02WaterMeOH090.xyz
O    -0.525329794    -0.050971084    -0.314516861
H    -0.942006633    0.747901631    0.011252816
H    0.403696525    0.059785981    -0.073568368
O    2.164777967    0.046634850    0.060313926
H    2.532760791    -0.525442553    0.737842253
C    2.629783038    -0.424995066    -1.201845184
H    2.198965943    0.226098625    -1.954959216
H    3.715746725    -0.374202205    -1.276157112
H    2.301440420    -1.444864563    -1.400925818


2708_02WaterMeOH095.xyz
O    -0.525329794    -0.050971084    -0.314516861
H    -0.942006633    0.747901631    0.011252816
H    0.403696525    0.059785981    -0.073568368
O    2.262610285    0.045904273    0.067751410
H    2.630593109    -0.526173130    0.745279737
C    2.727615356    -0.425725643    -1.194407700
H    2.296798261    0.225368048    -1.947521732
H    3.813579043    -0.374932782    -1.268719628
H    2.399272738    -1.445595140    -1.393488334


2709_02WaterMeOH100.xyz
O    -0.525329794    -0.050971084    -0.314516861
H    -0.942006633    0.747901631    0.011252816
H    0.403696525    0.059785981    -0.073568368
O    2.360342894    0.045174441    0.075181314
H    2.728325718    -0.526902962    0.752709641
C    2.825347965    -0.426455475    -1.186977796
H    2.394530870    0.224638216    -1.940091828
H    3.911311652    -0.375662614    -1.261289724
H    2.497005347    -1.446324972    -1.386058430


2710_02WaterMeOH105.xyz
O    -0.525329794    -0.050971084    -0.314516861
H    -0.942006633    0.747901631    0.011252816
H    0.403696525    0.059785981    -0.073568368
O    2.458274922    0.044443119    0.082626378
H    2.826257746    -0.527634284    0.760154705
C    2.923279993    -0.427186797    -1.179532732
H    2.492462898    0.223906894    -1.932646764
H    4.009243680    -0.376393936    -1.253844660
H    2.594937375    -1.447056294    -1.378613366


2711_02WaterMeOH110.xyz
O    -0.525329794    -0.050971084    -0.314516861
H    -0.942006633    0.747901631    0.011252816
H    0.403696525    0.059785981    -0.073568368
O    2.556107240    0.043712542    0.090063862
H    2.924090064    -0.528364861    0.767592189
C    3.021112311    -0.427917374    -1.172095248
H    2.590295216    0.223176317    -1.925209280
H    4.107075998    -0.377124513    -1.246407176
H    2.692769693    -1.447786871    -1.371175882


2712_02WaterMeOH125.xyz
O    -0.525329794    -0.050971084    -0.314516861
H    -0.942006633    0.747901631    0.011252816
H    0.403696525    0.059785981    -0.073568368
O    2.849604196    0.041520811    0.112376315
H    3.217587020    -0.530556592    0.789904642
C    3.314609267    -0.430109105    -1.149782795
H    2.883792172    0.220984586    -1.902896827
H    4.400572954    -0.379316244    -1.224094723
H    2.986266649    -1.449978602    -1.348863429


2713_02WaterMeOH150.xyz
O    -0.525329794    -0.050971084    -0.314516861
H    -0.942006633    0.747901631    0.011252816
H    0.403696525    0.059785981    -0.073568368
O    3.338765788    0.037867926    0.149563735
H    3.706748612    -0.534209477    0.827092062
C    3.803770859    -0.433761990    -1.112595375
H    3.372953764    0.217331701    -1.865709407
H    4.889734546    -0.382969129    -1.186907303
H    3.475428241    -1.453631487    -1.311676009


2714_02WaterMeOH200.xyz
O    -0.525329794    -0.050971084    -0.314516861
H    -0.942006633    0.747901631    0.011252816
H    0.403696525    0.059785981    -0.073568368
O    4.317088973    0.030562156    0.223938576
H    4.685071797    -0.541515247    0.901466903
C    4.782094044    -0.441067760    -1.038220534
H    4.351276949    0.210025931    -1.791334566
H    5.868057731    -0.390274899    -1.112532462
H    4.453751426    -1.460937257    -1.237301168


2715_03WaterMeNH2090.xyz
O    -0.687464896    -0.111744327    -0.019625472
H    -1.046121544    0.775938208    0.012706845
H    0.274042519    0.025850654    -0.003497262
N    2.083481386    0.097244615    0.005135663
H    2.378845817    -0.455393360    -0.789655200
H    2.393561881    -0.413476476    0.821995156
C    2.742816663    1.405608580    -0.035105975
H    2.432274241    1.987333540    0.829409445
H    3.834125953    1.366313608    -0.044061644
H    2.416104391    1.941526049    -0.922929787


2716_03WaterMeNH2095.xyz
O    -0.687464896    -0.111744327    -0.019625472
H    -1.046121544    0.775938208    0.012706845
H    0.274042519    0.025850654    -0.003497262
N    2.184000217    0.101210727    0.005615243
H    2.479364648    -0.451427248    -0.789175620
H    2.494080712    -0.409510364    0.822474736
C    2.843335494    1.409574692    -0.034626395
H    2.532793072    1.991299652    0.829889025
H    3.934644784    1.370279720    -0.043582064
H    2.516623222    1.945492161    -0.922450207


2717_03WaterMeNH2100.xyz
O    -0.687464896    -0.111744327    -0.019625472
H    -1.046121544    0.775938208    0.012706845
H    0.274042519    0.025850654    -0.003497262
N    2.284419126    0.105172897    0.006094347
H    2.579783557    -0.447465078    -0.788696516
H    2.594499621    -0.405548194    0.822953840
C    2.943754403    1.413536862    -0.034147291
H    2.633211981    1.995261822    0.830368129
H    4.035063693    1.374241890    -0.043102960
H    2.617042131    1.949454331    -0.921971103


2718_03WaterMeNH2105.xyz
O    -0.687464896    -0.111744327    -0.019625472
H    -1.046121544    0.775938208    0.012706845
H    0.274042519    0.025850654    -0.003497262
N    2.385037877    0.109142952    0.006574404
H    2.680402308    -0.443495023    -0.788216459
H    2.695118372    -0.401578139    0.823433897
C    3.044373154    1.417506917    -0.033667234
H    2.733830732    1.999231877    0.830848186
H    4.135682444    1.378211945    -0.042622903
H    2.717660882    1.953424386    -0.921491046


2719_03WaterMeNH2110.xyz
O    -0.687464896    -0.111744327    -0.019625472
H    -1.046121544    0.775938208    0.012706845
H    0.274042519    0.025850654    -0.003497262
N    2.485556708    0.113109064    0.007053985
H    2.780921139    -0.439528911    -0.787736878
H    2.795637203    -0.397612027    0.823913478
C    3.144891985    1.421473029    -0.033187653
H    2.834349563    2.003197989    0.831327767
H    4.236201275    1.382178057    -0.042143322
H    2.818179713    1.957390498    -0.921011465


2720_03WaterMeNH2125.xyz
O    -0.687464896    -0.111744327    -0.019625472
H    -1.046121544    0.775938208    0.012706845
H    0.274042519    0.025850654    -0.003497262
N    2.787113199    0.125007400    0.008492726
H    3.082477630    -0.427630575    -0.786298137
H    3.097193694    -0.385713691    0.825352219
C    3.446448476    1.433371365    -0.031748912
H    3.135906054    2.015096325    0.832766508
H    4.537757766    1.394076393    -0.040704581
H    3.119736204    1.969288834    -0.919572724


2721_03WaterMeNH2150.xyz
O    -0.687464896    -0.111744327    -0.019625472
H    -1.046121544    0.775938208    0.012706845
H    0.274042519    0.025850654    -0.003497262
N    3.289707351    0.144837961    0.010890628
H    3.585071782    -0.407800014    -0.783900235
H    3.599787846    -0.365883130    0.827750121
C    3.949042628    1.453201926    -0.029351010
H    3.638500206    2.034926886    0.835164410
H    5.040351918    1.413906954    -0.038306679
H    3.622330356    1.989119395    -0.917174822


2722_03WaterMeNH2200.xyz
O    -0.687464896    -0.111744327    -0.019625472
H    -1.046121544    0.775938208    0.012706845
H    0.274042519    0.025850654    -0.003497262
N    4.294895654    0.184499083    0.015686433
H    4.590260085    -0.368138892    -0.779104430
H    4.604976149    -0.326222008    0.832545926
C    4.954230931    1.492863048    -0.024555205
H    4.643688509    2.074588008    0.839960215
H    6.045540221    1.453568076    -0.033510874
H    4.627518659    2.028780517    -0.912379017


2723_04WaterPeptide090.xyz
O    -0.392018453    -0.384718737    0.076071325
H    -0.911460851    0.413812040    0.177648774
H    0.524903820    -0.068484694    0.090511364
C    2.051496170    -2.260917624    -0.227813599
H    2.701459013    -3.122029501    -0.360728986
H    1.370520200    -2.183445565    -1.071678874
H    1.438479272    -2.399713611    0.659194764
C    2.806228248    -0.962904747    -0.095220092
O    2.229512801    0.112390109    0.061368650
N    4.156861371    -1.060407431    -0.159838061
H    4.557812999    -1.970941410    -0.289353159
C    5.025103483    0.091563029    -0.050394979
H    4.388609353    0.959863472    0.084389628
H    5.690692990    0.000107831    0.805697902
H    5.619569206    0.220983518    -0.952654166


2724_04WaterPeptide095.xyz
O    -0.392018453    -0.384718737    0.076071325
H    -0.911460851    0.413812040    0.177648774
H    0.524903820    -0.068484694    0.090511364
C    2.146191145    -2.250869610    -0.229432545
H    2.796153988    -3.111981487    -0.362347932
H    1.465215175    -2.173397551    -1.073297820
H    1.533174247    -2.389665597    0.657575818
C    2.900923223    -0.952856733    -0.096839038
O    2.324207776    0.122438123    0.059749704
N    4.251556346    -1.050359417    -0.161457007
H    4.652507974    -1.960893396    -0.290972105
C    5.119798458    0.101611043    -0.052013925
H    4.483304328    0.969911486    0.082770682
H    5.785387965    0.010155845    0.804078956
H    5.714264181    0.231031532    -0.954273112


2725_04WaterPeptide100.xyz
O    -0.392018453    -0.384718737    0.076071325
H    -0.911460851    0.413812040    0.177648774
H    0.524903820    -0.068484694    0.090511364
C    2.240786693    -2.240832146    -0.231049790
H    2.890749536    -3.101944023    -0.363965177
H    1.559810723    -2.163360087    -1.074915065
H    1.627769795    -2.379628133    0.655958573
C    2.995518771    -0.942819269    -0.098456283
O    2.418803324    0.132475587    0.058132459
N    4.346151894    -1.040321953    -0.163074252
H    4.747103522    -1.950855932    -0.292589350
C    5.214394006    0.111648507    -0.053631170
H    4.577899876    0.979948950    0.081153437
H    5.879983513    0.020193309    0.802461711
H    5.808859729    0.241068996    -0.955890357


2726_04WaterPeptide105.xyz
O    -0.392018453    -0.384718737    0.076071325
H    -0.911460851    0.413812040    0.177648774
H    0.524903820    -0.068484694    0.090511364
C    2.335581096    -2.230773582    -0.232670435
H    2.985543939    -3.091885459    -0.365585822
H    1.654605126    -2.153301523    -1.076535710
H    1.722564198    -2.369569569    0.654337928
C    3.090313174    -0.932760705    -0.100076928
O    2.513597727    0.142534151    0.056511814
N    4.440946297    -1.030263389    -0.164694897
H    4.841897925    -1.940797368    -0.294209995
C    5.309188409    0.121707071    -0.055251815
H    4.672694279    0.990007514    0.079532792
H    5.974777916    0.030251873    0.800841066
H    5.903654132    0.251127560    -0.957511002


2727_04WaterPeptide110.xyz
O    -0.392018453    -0.384718737    0.076071325
H    -0.911460851    0.413812040    0.177648774
H    0.524903820    -0.068484694    0.090511364
C    2.430229786    -2.220730479    -0.234288589
H    3.080192629    -3.081842356    -0.367203976
H    1.749253816    -2.143258420    -1.078153864
H    1.817212888    -2.359526466    0.652719774
C    3.184961864    -0.922717602    -0.101695082
O    2.608246417    0.152577254    0.054893660
N    4.535594987    -1.020220286    -0.166313051
H    4.936546615    -1.930754265    -0.295828149
C    5.403837099    0.131750174    -0.056869969
H    4.767342969    1.000050617    0.077914638
H    6.069426606    0.040294976    0.799222912
H    5.998302822    0.261170663    -0.959129156


2728_04WaterPeptide125.xyz
O    -0.392018453    -0.384718737    0.076071325
H    -0.911460851    0.413812040    0.177648774
H    0.524903820    -0.068484694    0.090511364
C    2.714360996    -2.190581526    -0.239146216
H    3.364323839    -3.051693403    -0.372061603
H    2.033385026    -2.113109467    -1.083011491
H    2.101344098    -2.329377513    0.647862147
C    3.469093074    -0.892568649    -0.106552709
O    2.892377627    0.182726207    0.050036033
N    4.819726197    -0.990071333    -0.171170678
H    5.220677825    -1.900605312    -0.300685776
C    5.687968309    0.161899127    -0.061727596
H    5.051474179    1.030199570    0.073057011
H    6.353557816    0.070443929    0.794365285
H    6.282434032    0.291319616    -0.963986783


2729_04WaterPeptide150.xyz
O    -0.392018453    -0.384718737    0.076071325
H    -0.911460851    0.413812040    0.177648774
H    0.524903820    -0.068484694    0.090511364
C    3.187835872    -2.140341455    -0.247240942
H    3.837798715    -3.001453332    -0.380156329
H    2.506859902    -2.062869396    -1.091106217
H    2.574818974    -2.279137442    0.639767421
C    3.942567950    -0.842328578    -0.114647435
O    3.365852503    0.232966278    0.041941307
N    5.293201073    -0.939831262    -0.179265404
H    5.694152701    -1.850365241    -0.308780502
C    6.161443185    0.212139198    -0.069822322
H    5.524949055    1.080439641    0.064962285
H    6.827032692    0.120684000    0.786270559
H    6.755908908    0.341559687    -0.972081509


2730_04WaterPeptide200.xyz
O    -0.392018453    -0.384718737    0.076071325
H    -0.911460851    0.413812040    0.177648774
H    0.524903820    -0.068484694    0.090511364
C    4.296200490    -2.022733702    -0.266190011
H    4.946163333    -2.883845579    -0.399105398
H    3.615224520    -1.945261643    -1.110055286
H    3.683183592    -2.161529689    0.620818352
C    5.050932568    -0.724720825    -0.133596504
O    4.474217121    0.350574031    0.022992238
N    6.401565691    -0.822223509    -0.198214473
H    6.802517319    -1.732757488    -0.327729571
C    7.269807803    0.329746951    -0.088771391
H    6.633313673    1.198047394    0.046013216
H    7.935397310    0.238291753    0.767321490
H    7.864273526    0.459167440    -0.991030578


2731_05MeOHMeOH090.xyz
O    -0.636134928    -0.023282411    0.280599321
H    0.308097372    -0.047078748    0.076463691
C    -1.152065407    -1.311287783    0.015259549
H    -2.209945023    -1.296265392    0.263955863
H    -1.056610240    -1.592670859    -1.036190606
H    -0.674835746    -2.086272765    0.620511449
O    2.048029160    -0.115715786    -0.004542305
H    2.516818470    0.498668738    -0.574208259
C    2.556863086    0.041303152    1.317175019
H    2.003294006    -0.646893275    1.947305899
H    3.615859188    -0.209135747    1.373898160
H    2.404423448    1.051997205    1.695067565


2732_05MeOHMeOH095.xyz
O    -0.636134928    -0.023282411    0.280599321
H    0.308097372    -0.047078748    0.076463691
C    -1.152065407    -1.311287783    0.015259549
H    -2.209945023    -1.296265392    0.263955863
H    -1.056610240    -1.592670859    -1.036190606
H    -0.674835746    -2.086272765    0.620511449
O    2.144686491    -0.119528736    -0.009042380
H    2.613475801    0.494855788    -0.578708334
C    2.653520417    0.037490202    1.312674944
H    2.099951337    -0.650706225    1.942805824
H    3.712516519    -0.212948697    1.369398085
H    2.501080779    1.048184255    1.690567490


2733_05MeOHMeOH100.xyz
O    -0.636134928    -0.023282411    0.280599321
H    0.308097372    -0.047078748    0.076463691
C    -1.152065407    -1.311287783    0.015259549
H    -2.209945023    -1.296265392    0.263955863
H    -1.056610240    -1.592670859    -1.036190606
H    -0.674835746    -2.086272765    0.620511449
O    2.241244009    -0.123337749    -0.013537808
H    2.710033319    0.491046775    -0.583203762
C    2.750077935    0.033681189    1.308179516
H    2.196508855    -0.654515238    1.938310396
H    3.809074037    -0.216757710    1.364902657
H    2.597638297    1.044375242    1.686072062


2734_05MeOHMeOH105.xyz
O    -0.636134928    -0.023282411    0.280599321
H    0.308097372    -0.047078748    0.076463691
C    -1.152065407    -1.311287783    0.015259549
H    -2.209945023    -1.296265392    0.263955863
H    -1.056610240    -1.592670859    -1.036190606
H    -0.674835746    -2.086272765    0.620511449
O    2.338001155    -0.127154637    -0.018042530
H    2.806790465    0.487229887    -0.587708484
C    2.846835081    0.029864301    1.303674794
H    2.293266001    -0.658332126    1.933805674
H    3.905831183    -0.220574598    1.360397935
H    2.694395443    1.040558354    1.681567340


2735_05MeOHMeOH110.xyz
O    -0.636134928    -0.023282411    0.280599321
H    0.308097372    -0.047078748    0.076463691
C    -1.152065407    -1.311287783    0.015259549
H    -2.209945023    -1.296265392    0.263955863
H    -1.056610240    -1.592670859    -1.036190606
H    -0.674835746    -2.086272765    0.620511449
O    2.434658487    -0.130967587    -0.022542605
H    2.903447797    0.483416937    -0.592208559
C    2.943492413    0.026051351    1.299174719
H    2.389923333    -0.662145076    1.929305599
H    4.002488515    -0.224387548    1.355897860
H    2.791052775    1.036745404    1.677067265


2736_05MeOHMeOH125.xyz
O    -0.636134928    -0.023282411    0.280599321
H    0.308097372    -0.047078748    0.076463691
C    -1.152065407    -1.311287783    0.015259549
H    -2.209945023    -1.296265392    0.263955863
H    -1.056610240    -1.592670859    -1.036190606
H    -0.674835746    -2.086272765    0.620511449
O    2.724672495    -0.142408094    -0.036044786
H    3.193461805    0.471976430    -0.605710740
C    3.233506421    0.014610844    1.285672538
H    2.679937341    -0.673585583    1.915803418
H    4.292502523    -0.235828055    1.342395679
H    3.081066783    1.025304897    1.663565084


2737_05MeOHMeOH150.xyz
O    -0.636134928    -0.023282411    0.280599321
H    0.308097372    -0.047078748    0.076463691
C    -1.152065407    -1.311287783    0.015259549
H    -2.209945023    -1.296265392    0.263955863
H    -1.056610240    -1.592670859    -1.036190606
H    -0.674835746    -2.086272765    0.620511449
O    3.207917142    -0.161471187    -0.058543205
H    3.676706452    0.452913337    -0.628209159
C    3.716751068    -0.004452249    1.263174119
H    3.163181988    -0.692648676    1.893304999
H    4.775747170    -0.254891148    1.319897260
H    3.564311430    1.006241804    1.641066665


2738_05MeOHMeOH200.xyz
O    -0.636134928    -0.023282411    0.280599321
H    0.308097372    -0.047078748    0.076463691
C    -1.152065407    -1.311287783    0.015259549
H    -2.209945023    -1.296265392    0.263955863
H    -1.056610240    -1.592670859    -1.036190606
H    -0.674835746    -2.086272765    0.620511449
O    4.174490460    -0.199600687    -0.103543954
H    4.643279770    0.414783837    -0.673209908
C    4.683324386    -0.042581749    1.218173370
H    4.129755306    -0.730778176    1.848304250
H    5.742320488    -0.293020648    1.274896511
H    4.530884748    0.968112304    1.596065916


2739_06MeOHMeNH2090.xyz
O    -0.706920192    0.045830367    0.006386104
H    0.265623615    0.071710143    0.001339293
C    -1.076670667    -1.313915813    0.001614280
H    -2.162923576    -1.363195770    0.005865424
H    -0.723405945    -1.844651676    -0.887743498
H    -0.716079778    -1.852820828    0.883079775
N    2.035384421    -0.027153883    -0.002937505
H    2.406003973    0.480622623    0.790194886
H    2.406127261    0.437184684    -0.822196339
C    2.513136357    -1.413187330    0.034523700
H    2.121251520    -1.947212607    -0.827668029
H    3.599847513    -1.519922498    0.037558195
H    2.121009956    -1.899917499    0.924155847


2740_06MeOHMeNH2095.xyz
O    -0.706920192    0.045830367    0.006386104
H    0.265623615    0.071710143    0.001339293
C    -1.076670667    -1.313915813    0.001614280
H    -2.162923576    -1.363195770    0.005865424
H    -0.723405945    -1.844651676    -0.887743498
H    -0.716079778    -1.852820828    0.883079775
N    2.133698919    -0.032646019    -0.003175092
H    2.504318471    0.475130487    0.789957299
H    2.504441759    0.431692548    -0.822433926
C    2.611450855    -1.418679466    0.034286113
H    2.219566018    -1.952704743    -0.827905616
H    3.698162011    -1.525414634    0.037320608
H    2.219324454    -1.905409635    0.923918260


2741_06MeOHMeNH2100.xyz
O    -0.706920192    0.045830367    0.006386104
H    0.265623615    0.071710143    0.001339293
C    -1.076670667    -1.313915813    0.001614280
H    -2.162923576    -1.363195770    0.005865424
H    -0.723405945    -1.844651676    -0.887743498
H    -0.716079778    -1.852820828    0.883079775
N    2.231913573    -0.038132577    -0.003412437
H    2.602533125    0.469643929    0.789719954
H    2.602656413    0.426205990    -0.822671271
C    2.709665509    -1.424166024    0.034048768
H    2.317780672    -1.958191301    -0.828142961
H    3.796376665    -1.530901192    0.037083263
H    2.317539108    -1.910896193    0.923680915


2742_06MeOHMeNH2105.xyz
O    -0.706920192    0.045830367    0.006386104
H    0.265623615    0.071710143    0.001339293
C    -1.076670667    -1.313915813    0.001614280
H    -2.162923576    -1.363195770    0.005865424
H    -0.723405945    -1.844651676    -0.887743498
H    -0.716079778    -1.852820828    0.883079775
N    2.330327915    -0.043630291    -0.003650265
H    2.700947467    0.464146215    0.789482126
H    2.701070755    0.420708276    -0.822909099
C    2.808079851    -1.429663738    0.033810940
H    2.416195014    -1.963689015    -0.828380789
H    3.894791007    -1.536398906    0.036845435
H    2.415953450    -1.916393907    0.923443087


2743_06MeOHMeNH2110.xyz
O    -0.706920192    0.045830367    0.006386104
H    0.265623615    0.071710143    0.001339293
C    -1.076670667    -1.313915813    0.001614280
H    -2.162923576    -1.363195770    0.005865424
H    -0.723405945    -1.844651676    -0.887743498
H    -0.716079778    -1.852820828    0.883079775
N    2.428642413    -0.049122427    -0.003887851
H    2.799261965    0.458654079    0.789244540
H    2.799385253    0.415216140    -0.823146685
C    2.906394349    -1.435155874    0.033573354
H    2.514509512    -1.969181151    -0.828618375
H    3.993105505    -1.541891042    0.036607849
H    2.514267948    -1.921886043    0.923205501


2744_06MeOHMeNH2125.xyz
O    -0.706920192    0.045830367    0.006386104
H    0.265623615    0.071710143    0.001339293
C    -1.076670667    -1.313915813    0.001614280
H    -2.162923576    -1.363195770    0.005865424
H    -0.723405945    -1.844651676    -0.887743498
H    -0.716079778    -1.852820828    0.883079775
N    2.723585907    -0.065598835    -0.004600611
H    3.094205459    0.442177671    0.788531780
H    3.094328747    0.398739732    -0.823859445
C    3.201337843    -1.451632282    0.032860594
H    2.809453006    -1.985657559    -0.829331135
H    4.288048999    -1.558367450    0.035895089
H    2.809211442    -1.938362451    0.922492741


2745_06MeOHMeNH2150.xyz
O    -0.706920192    0.045830367    0.006386104
H    0.265623615    0.071710143    0.001339293
C    -1.076670667    -1.313915813    0.001614280
H    -2.162923576    -1.363195770    0.005865424
H    -0.723405945    -1.844651676    -0.887743498
H    -0.716079778    -1.852820828    0.883079775
N    3.215158396    -0.093059515    -0.005788543
H    3.585777948    0.414716991    0.787343848
H    3.585901236    0.371279052    -0.825047377
C    3.692910332    -1.479092962    0.031672662
H    3.301025495    -2.013118239    -0.830519067
H    4.779621488    -1.585828130    0.034707157
H    3.300783931    -1.965823131    0.921304809


2746_06MeOHMeNH2200.xyz
O    -0.706920192    0.045830367    0.006386104
H    0.265623615    0.071710143    0.001339293
C    -1.076670667    -1.313915813    0.001614280
H    -2.162923576    -1.363195770    0.005865424
H    -0.723405945    -1.844651676    -0.887743498
H    -0.716079778    -1.852820828    0.883079775
N    4.198303375    -0.147980875    -0.008164408
H    4.568922927    0.359795631    0.784967983
H    4.569046215    0.316357692    -0.827423242
C    4.676055311    -1.534014322    0.029296797
H    4.284170474    -2.068039599    -0.832894932
H    5.762766467    -1.640749490    0.032331292
H    4.283928910    -2.020744491    0.918928944


2755_08MeOHWater090.xyz
O    -0.786562022    0.045168441    -0.007189119
H    0.177706774    0.012695896    -0.006835389
C    -1.247990941    -1.290283536    0.001083621
H    -2.334277443    -1.258897100    0.000221200
H    -0.925965746    -1.849768096    -0.880445382
H    -0.927027831    -1.838462882    0.890076520
O    1.963534655    -0.045910300    -0.004918426
H    2.402738794    0.342241899    -0.764791108
H    2.401418949    0.356693979    0.748171106


2756_08MeOHWater095.xyz
O    -0.786562022    0.045168441    -0.007189119
H    0.177706774    0.012695896    -0.006835389
C    -1.247990941    -1.290283536    0.001083621
H    -2.334277443    -1.258897100    0.000221200
H    -0.925965746    -1.849768096    -0.880445382
H    -0.927027831    -1.838462882    0.890076520
O    2.062741763    -0.049166017    -0.004811934
H    2.501945902    0.338986182    -0.764684616
H    2.500626057    0.353438262    0.748277598


2757_08MeOHWater100.xyz
O    -0.786562022    0.045168441    -0.007189119
H    0.177706774    0.012695896    -0.006835389
C    -1.247990941    -1.290283536    0.001083621
H    -2.334277443    -1.258897100    0.000221200
H    -0.925965746    -1.849768096    -0.880445382
H    -0.927027831    -1.838462882    0.890076520
O    2.161848924    -0.052418455    -0.004705549
H    2.601053063    0.335733744    -0.764578231
H    2.599733218    0.350185824    0.748383983


2758_08MeOHWater105.xyz
O    -0.786562022    0.045168441    -0.007189119
H    0.177706774    0.012695896    -0.006835389
C    -1.247990941    -1.290283536    0.001083621
H    -2.334277443    -1.258897100    0.000221200
H    -0.925965746    -1.849768096    -0.880445382
H    -0.927027831    -1.838462882    0.890076520
O    2.261155978    -0.055677453    -0.004598950
H    2.700360117    0.332474746    -0.764471632
H    2.699040272    0.346926826    0.748490582


2759_08MeOHWater110.xyz
O    -0.786562022    0.045168441    -0.007189119
H    0.177706774    0.012695896    -0.006835389
C    -1.247990941    -1.290283536    0.001083621
H    -2.334277443    -1.258897100    0.000221200
H    -0.925965746    -1.849768096    -0.880445382
H    -0.927027831    -1.838462882    0.890076520
O    2.360363085    -0.058933170    -0.004492458
H    2.799567224    0.329219029    -0.764365140
H    2.798247379    0.343671109    0.748597074


2760_08MeOHWater125.xyz
O    -0.786562022    0.045168441    -0.007189119
H    0.177706774    0.012695896    -0.006835389
C    -1.247990941    -1.290283536    0.001083621
H    -2.334277443    -1.258897100    0.000221200
H    -0.925965746    -1.849768096    -0.880445382
H    -0.927027831    -1.838462882    0.890076520
O    2.657984408    -0.068700323    -0.004172982
H    3.097188547    0.319451876    -0.764045664
H    3.095868702    0.333903956    0.748916550


2761_08MeOHWater150.xyz
O    -0.786562022    0.045168441    -0.007189119
H    0.177706774    0.012695896    -0.006835389
C    -1.247990941    -1.290283536    0.001083621
H    -2.334277443    -1.258897100    0.000221200
H    -0.925965746    -1.849768096    -0.880445382
H    -0.927027831    -1.838462882    0.890076520
O    3.154019945    -0.084978910    -0.003640522
H    3.593224084    0.303173289    -0.763513204
H    3.591904239    0.317625369    0.749449010


2762_08MeOHWater200.xyz
O    -0.786562022    0.045168441    -0.007189119
H    0.177706774    0.012695896    -0.006835389
C    -1.247990941    -1.290283536    0.001083621
H    -2.334277443    -1.258897100    0.000221200
H    -0.925965746    -1.849768096    -0.880445382
H    -0.927027831    -1.838462882    0.890076520
O    4.146091020    -0.117536086    -0.002575602
H    4.585295159    0.270616113    -0.762448284
H    4.583975314    0.285068193    0.750513930


2763_09MeNH2MeOH090.xyz
N    -0.893451216    -0.043844322    -0.042997455
H    0.096948261    -0.256059448    -0.071069928
H    -1.368438791    -0.933390652    0.033837726
C    -1.175782475    0.757907695    1.145237192
H    -2.241626604    0.972216010    1.195024643
H    -0.880789552    0.304246738    2.097209096
H    -0.663005722    1.714329397    1.060809164
O    2.122120681    -0.062955785    0.020486043
H    2.404146800    0.306992980    -0.819378037
C    2.508034529    0.848628476    1.039922205
H    2.184851480    0.418995803    1.982988749
H    3.589089767    0.987711945    1.078962172
H    2.029559967    1.822226321    0.924745670


2764_09MeNH2MeOH095.xyz
N    -0.893451216    -0.043844322    -0.042997455
H    0.096948261    -0.256059448    -0.071069928
H    -1.368438791    -0.933390652    0.033837726
C    -1.175782475    0.757907695    1.145237192
H    -2.241626604    0.972216010    1.195024643
H    -0.880789552    0.304246738    2.097209096
H    -0.663005722    1.714329397    1.060809164
O    2.234624735    -0.052228331    0.025572236
H    2.516650854    0.317720434    -0.814291844
C    2.620538583    0.859355930    1.045008398
H    2.297355534    0.429723257    1.988074942
H    3.701593821    0.998439399    1.084048365
H    2.142064021    1.832953775    0.929831863


2765_09MeNH2MeOH100.xyz
N    -0.893451216    -0.043844322    -0.042997455
H    0.096948261    -0.256059448    -0.071069928
H    -1.368438791    -0.933390652    0.033837726
C    -1.175782475    0.757907695    1.145237192
H    -2.241626604    0.972216010    1.195024643
H    -0.880789552    0.304246738    2.097209096
H    -0.663005722    1.714329397    1.060809164
O    2.347029341    -0.041510359    0.030653933
H    2.629055460    0.328438406    -0.809210147
C    2.732943189    0.870073902    1.050090095
H    2.409760140    0.440441229    1.993156639
H    3.813998427    1.009157371    1.089130062
H    2.254468627    1.843671747    0.934913560


2766_09MeNH2MeOH105.xyz
N    -0.893451216    -0.043844322    -0.042997455
H    0.096948261    -0.256059448    -0.071069928
H    -1.368438791    -0.933390652    0.033837726
C    -1.175782475    0.757907695    1.145237192
H    -2.241626604    0.972216010    1.195024643
H    -0.880789552    0.304246738    2.097209096
H    -0.663005722    1.714329397    1.060809164
O    2.459632843    -0.030773422    0.035744622
H    2.741658962    0.339175343    -0.804119458
C    2.845546691    0.880810839    1.055180784
H    2.522363642    0.451178166    1.998247328
H    3.926601929    1.019894308    1.094220751
H    2.367072129    1.854408684    0.940004249


2767_09MeNH2MeOH110.xyz
N    -0.893451216    -0.043844322    -0.042997455
H    0.096948261    -0.256059448    -0.071069928
H    -1.368438791    -0.933390652    0.033837726
C    -1.175782475    0.757907695    1.145237192
H    -2.241626604    0.972216010    1.195024643
H    -0.880789552    0.304246738    2.097209096
H    -0.663005722    1.714329397    1.060809164
O    2.572136897    -0.020045968    0.040830815
H    2.854163016    0.349902797    -0.799033265
C    2.958050745    0.891538293    1.060266977
H    2.634867696    0.461905620    2.003333521
H    4.039105983    1.030621762    1.099306944
H    2.479576183    1.865136138    0.945090442


2768_09MeNH2MeOH125.xyz
N    -0.893451216    -0.043844322    -0.042997455
H    0.096948261    -0.256059448    -0.071069928
H    -1.368438791    -0.933390652    0.033837726
C    -1.175782475    0.757907695    1.145237192
H    -2.241626604    0.972216010    1.195024643
H    -0.880789552    0.304246738    2.097209096
H    -0.663005722    1.714329397    1.060809164
O    2.909649059    0.012136396    0.056089394
H    3.191675178    0.382085161    -0.783774686
C    3.295562907    0.923720657    1.075525556
H    2.972379858    0.494087984    2.018592100
H    4.376618145    1.062804126    1.114565523
H    2.817088345    1.897318502    0.960349021


2769_09MeNH2MeOH150.xyz
N    -0.893451216    -0.043844322    -0.042997455
H    0.096948261    -0.256059448    -0.071069928
H    -1.368438791    -0.933390652    0.033837726
C    -1.175782475    0.757907695    1.145237192
H    -2.241626604    0.972216010    1.195024643
H    -0.880789552    0.304246738    2.097209096
H    -0.663005722    1.714329397    1.060809164
O    3.472169329    0.065773668    0.081520359
H    3.754195448    0.435722433    -0.758343721
C    3.858083177    0.977357929    1.100956521
H    3.534900128    0.547725256    2.044023065
H    4.939138415    1.116441398    1.139996488
H    3.379608615    1.950955774    0.985779986


2770_09MeNH2MeOH200.xyz
N    -0.893451216    -0.043844322    -0.042997455
H    0.096948261    -0.256059448    -0.071069928
H    -1.368438791    -0.933390652    0.033837726
C    -1.175782475    0.757907695    1.145237192
H    -2.241626604    0.972216010    1.195024643
H    -0.880789552    0.304246738    2.097209096
H    -0.663005722    1.714329397    1.060809164
O    4.597209869    0.173048213    0.132382290
H    4.879235988    0.542996978    -0.707481790
C    4.983123717    1.084632474    1.151818452
H    4.659940668    0.654999801    2.094884996
H    6.064178955    1.223715943    1.190858419
H    4.504649155    2.058230319    1.036641917


2771_10MeNH2MeNH2090.xyz
N    -0.638641380    0.470916372    0.044568477
H    0.189954359    -0.113937162    -0.005773605
H    -1.300468945    0.081256802    -0.613668480
C    -1.198658820    0.391398577    1.391946599
H    -2.092737771    1.009244715    1.453167495
H    -1.462745512    -0.615843668    1.729452190
H    -0.480275539    0.798674912    2.101087305
N    2.206642969    -0.425792086    0.179392657
H    2.502911639    -0.151254351    -0.748592586
H    2.830192636    -1.173482402    0.454587520
C    2.366872945    0.709418507    1.093067961
H    2.096682641    0.394722727    2.098721070
H    3.374283256    1.131195066    1.130039695
H    1.674332562    1.495193989    0.800410715


2772_10MeNH2MeNH2095.xyz
N    -0.638641380    0.470916372    0.044568477
H    0.189954359    -0.113937162    -0.005773605
H    -1.300468945    0.081256802    -0.613668480
C    -1.198658820    0.391398577    1.391946599
H    -2.092737771    1.009244715    1.453167495
H    -1.462745512    -0.615843668    1.729452190
H    -0.480275539    0.798674912    2.101087305
N    2.318675758    -0.443116514    0.189679169
H    2.614944428    -0.168578779    -0.738306074
H    2.942225425    -1.190806830    0.464874032
C    2.478905734    0.692094079    1.103354473
H    2.208715430    0.377398299    2.109007582
H    3.486316045    1.113870638    1.140326207
H    1.786365351    1.477869561    0.810697227


2773_10MeNH2MeNH2100.xyz
N    -0.638641380    0.470916372    0.044568477
H    0.189954359    -0.113937162    -0.005773605
H    -1.300468945    0.081256802    -0.613668480
C    -1.198658820    0.391398577    1.391946599
H    -2.092737771    1.009244715    1.453167495
H    -1.462745512    -0.615843668    1.729452190
H    -0.480275539    0.798674912    2.101087305
N    2.430610125    -0.460425723    0.199956645
H    2.726878795    -0.185887988    -0.728028598
H    3.054159792    -1.208116039    0.475151508
C    2.590840101    0.674784870    1.113631949
H    2.320649797    0.360089090    2.119285058
H    3.598250412    1.096561429    1.150603683
H    1.898299718    1.460560352    0.820974703


2774_10MeNH2MeNH2105.xyz
N    -0.638641380    0.470916372    0.044568477
H    0.189954359    -0.113937162    -0.005773605
H    -1.300468945    0.081256802    -0.613668480
C    -1.198658820    0.391398577    1.391946599
H    -2.092737771    1.009244715    1.453167495
H    -1.462745512    -0.615843668    1.729452190
H    -0.480275539    0.798674912    2.101087305
N    2.542741334    -0.477765371    0.210252194
H    2.839010004    -0.203227636    -0.717733049
H    3.166291001    -1.225455687    0.485447057
C    2.702971310    0.657445222    1.123927498
H    2.432781006    0.342749442    2.129580607
H    3.710381621    1.079221781    1.160899232
H    2.010430927    1.443220704    0.831270252


2775_10MeNH2MeNH2110.xyz
N    -0.638641380    0.470916372    0.044568477
H    0.189954359    -0.113937162    -0.005773605
H    -1.300468945    0.081256802    -0.613668480
C    -1.198658820    0.391398577    1.391946599
H    -2.092737771    1.009244715    1.453167495
H    -1.462745512    -0.615843668    1.729452190
H    -0.480275539    0.798674912    2.101087305
N    2.654774123    -0.495089799    0.220538707
H    2.951042793    -0.220552064    -0.707446536
H    3.278323790    -1.242780115    0.495733570
C    2.815004099    0.640120794    1.134214011
H    2.544813795    0.325425014    2.139867120
H    3.822414410    1.061897353    1.171185745
H    2.122463716    1.425896276    0.841556765


2776_10MeNH2MeNH2125.xyz
N    -0.638641380    0.470916372    0.044568477
H    0.189954359    -0.113937162    -0.005773605
H    -1.300468945    0.081256802    -0.613668480
C    -1.198658820    0.391398577    1.391946599
H    -2.092737771    1.009244715    1.453167495
H    -1.462745512    -0.615843668    1.729452190
H    -0.480275539    0.798674912    2.101087305
N    2.990872488    -0.547063083    0.251398244
H    3.287141158    -0.272525348    -0.676586999
H    3.614422155    -1.294753399    0.526593107
C    3.151102464    0.588147510    1.165073548
H    2.880912160    0.273451730    2.170726657
H    4.158512775    1.009924069    1.202045282
H    2.458562081    1.373922992    0.872416302


2777_10MeNH2MeNH2150.xyz
N    -0.638641380    0.470916372    0.044568477
H    0.189954359    -0.113937162    -0.005773605
H    -1.300468945    0.081256802    -0.613668480
C    -1.198658820    0.391398577    1.391946599
H    -2.092737771    1.009244715    1.453167495
H    -1.462745512    -0.615843668    1.729452190
H    -0.480275539    0.798674912    2.101087305
N    3.701045212    -0.656882150    0.316604160
H    3.997313882    -0.382344415    -0.611381083
H    4.324594879    -1.404572466    0.591799023
C    3.861275188    0.478328443    1.230279464
H    3.591084884    0.163632663    2.235932573
H    4.868685499    0.900105002    1.267251198
H    3.168734805    1.264103925    0.937622218


2778_10MeNH2MeNH2200.xyz
N    -0.638641380    0.470916372    0.044568477
H    0.189954359    -0.113937162    -0.005773605
H    -1.300468945    0.081256802    -0.613668480
C    -1.198658820    0.391398577    1.391946599
H    -2.092737771    1.009244715    1.453167495
H    -1.462745512    -0.615843668    1.729452190
H    -0.480275539    0.798674912    2.101087305
N    4.990268566    -0.856243940    0.434976758
H    5.286537236    -0.581706205    -0.493008485
H    5.613818233    -1.603934256    0.710171621
C    5.150498542    0.278966653    1.348652062
H    4.880308238    -0.035729127    2.354305171
H    6.157908853    0.700743212    1.385623796
H    4.457958159    1.064742135    1.055994816


2787_12MeNH2Water090.xyz
N    -0.533463968    -0.279593512    0.106995757
H    -0.629151376    -1.248424552    0.382848668
H    -1.122603635    -0.166159444    -0.707764101
C    -1.016909428    0.588486102    1.187373456
H    -0.912759674    1.625551742    0.879521158
H    -2.054737265    0.415082130    1.478503595
H    -0.385023376    0.448800896    2.060614186
O    1.944541325    0.859715657    0.217691438
H    1.127023917    0.363443169    0.044538536
H    2.526442774    0.601217787    -0.498054655


2788_12MeNH2Water095.xyz
N    -0.533463968    -0.279593512    0.106995757
H    -0.629151376    -1.248424552    0.382848668
H    -1.122603635    -0.166159444    -0.707764101
C    -1.016909428    0.588486102    1.187373456
H    -0.912759674    1.625551742    0.879521158
H    -2.054737265    0.415082130    1.478503595
H    -0.385023376    0.448800896    2.060614186
O    2.036785475    0.895437912    0.214221787
H    1.219268067    0.399165424    0.041068885
H    2.618686924    0.636940042    -0.501524306


2789_12MeNH2Water100.xyz
N    -0.533463968    -0.279593512    0.106995757
H    -0.629151376    -1.248424552    0.382848668
H    -1.122603635    -0.166159444    -0.707764101
C    -1.016909428    0.588486102    1.187373456
H    -0.912759674    1.625551742    0.879521158
H    -2.054737265    0.415082130    1.478503595
H    -0.385023376    0.448800896    2.060614186
O    2.128936430    0.931124077    0.210755642
H    1.311419022    0.434851589    0.037602740
H    2.710837879    0.672626207    -0.504990451


2790_12MeNH2Water105.xyz
N    -0.533463968    -0.279593512    0.106995757
H    -0.629151376    -1.248424552    0.382848668
H    -1.122603635    -0.166159444    -0.707764101
C    -1.016909428    0.588486102    1.187373456
H    -0.912759674    1.625551742    0.879521158
H    -2.054737265    0.415082130    1.478503595
H    -0.385023376    0.448800896    2.060614186
O    2.221273774    0.966882422    0.207282486
H    1.403756366    0.470609934    0.034129584
H    2.803175223    0.708384552    -0.508463607


2791_12MeNH2Water110.xyz
N    -0.533463968    -0.279593512    0.106995757
H    -0.629151376    -1.248424552    0.382848668
H    -1.122603635    -0.166159444    -0.707764101
C    -1.016909428    0.588486102    1.187373456
H    -0.912759674    1.625551742    0.879521158
H    -2.054737265    0.415082130    1.478503595
H    -0.385023376    0.448800896    2.060614186
O    2.313517923    1.002604677    0.203812835
H    1.496000515    0.506332189    0.030659933
H    2.895419372    0.744106807    -0.511933258


2792_12MeNH2Water125.xyz
N    -0.533463968    -0.279593512    0.106995757
H    -0.629151376    -1.248424552    0.382848668
H    -1.122603635    -0.166159444    -0.707764101
C    -1.016909428    0.588486102    1.187373456
H    -0.912759674    1.625551742    0.879521158
H    -2.054737265    0.415082130    1.478503595
H    -0.385023376    0.448800896    2.060614186
O    2.590250372    1.109771443    0.193403882
H    1.772732964    0.613498955    0.020250980
H    3.172151821    0.851273573    -0.522342211


2793_12MeNH2Water150.xyz
N    -0.533463968    -0.279593512    0.106995757
H    -0.629151376    -1.248424552    0.382848668
H    -1.122603635    -0.166159444    -0.707764101
C    -1.016909428    0.588486102    1.187373456
H    -0.912759674    1.625551742    0.879521158
H    -2.054737265    0.415082130    1.478503595
H    -0.385023376    0.448800896    2.060614186
O    3.051471119    1.288382718    0.176055628
H    2.233953711    0.792110230    0.002902726
H    3.633372568    1.029884848    -0.539690465


2794_12MeNH2Water200.xyz
N    -0.533463968    -0.279593512    0.106995757
H    -0.629151376    -1.248424552    0.382848668
H    -1.122603635    -0.166159444    -0.707764101
C    -1.016909428    0.588486102    1.187373456
H    -0.912759674    1.625551742    0.879521158
H    -2.054737265    0.415082130    1.478503595
H    -0.385023376    0.448800896    2.060614186
O    3.973912614    1.645605268    0.141359120
H    3.156395206    1.149332780    -0.031793782
H    4.555814063    1.387107398    -0.574386973


2819_16PeptideWater090.xyz
C    -0.724304641    -0.704935825    2.283867859
H    0.335318283    -0.629943250    2.053182351
H    -0.951696658    -1.711989614    2.625651462
H    -0.969627843    -0.022079551    3.093765375
C    -1.614935007    -0.387429252    1.104068969
O    -2.837323872    -0.415022087    1.194132775
N    -0.953420370    -0.076404425    -0.040819796
H    0.053808603    -0.075566509    -0.036640221
C    -1.658123974    0.250093582    -1.258553059
H    -2.720371971    0.176944439    -1.046652698
H    -1.430304932    1.262962631    -1.588093844
H    -1.405626109    -0.444335178    -2.058583584
O    1.923432992    -0.059908930    -0.144710066
H    2.488410276    -0.772867551    -0.449909472
H    2.503184610    0.704284634    -0.120811572


2820_16PeptideWater095.xyz
C    -0.724304641    -0.704935825    2.283867859
H    0.335318283    -0.629943250    2.053182351
H    -0.951696658    -1.711989614    2.625651462
H    -0.969627843    -0.022079551    3.093765375
C    -1.614935007    -0.387429252    1.104068969
O    -2.837323872    -0.415022087    1.194132775
N    -0.953420370    -0.076404425    -0.040819796
H    0.053808603    -0.075566509    -0.036640221
C    -1.658123974    0.250093582    -1.258553059
H    -2.720371971    0.176944439    -1.046652698
H    -1.430304932    1.262962631    -1.588093844
H    -1.405626109    -0.444335178    -2.058583584
O    2.027372064    -0.059038470    -0.150718053
H    2.592349348    -0.771997091    -0.455917459
H    2.607123682    0.705155094    -0.126819559


2821_16PeptideWater100.xyz
C    -0.724304641    -0.704935825    2.283867859
H    0.335318283    -0.629943250    2.053182351
H    -0.951696658    -1.711989614    2.625651462
H    -0.969627843    -0.022079551    3.093765375
C    -1.614935007    -0.387429252    1.104068969
O    -2.837323872    -0.415022087    1.194132775
N    -0.953420370    -0.076404425    -0.040819796
H    0.053808603    -0.075566509    -0.036640221
C    -1.658123974    0.250093582    -1.258553059
H    -2.720371971    0.176944439    -1.046652698
H    -1.430304932    1.262962631    -1.588093844
H    -1.405626109    -0.444335178    -2.058583584
O    2.131138741    -0.058169453    -0.156716075
H    2.696116025    -0.771128074    -0.461915481
H    2.710890359    0.706024111    -0.132817581


2822_16PeptideWater105.xyz
C    -0.724304641    -0.704935825    2.283867859
H    0.335318283    -0.629943250    2.053182351
H    -0.951696658    -1.711989614    2.625651462
H    -0.969627843    -0.022079551    3.093765375
C    -1.614935007    -0.387429252    1.104068969
O    -2.837323872    -0.415022087    1.194132775
N    -0.953420370    -0.076404425    -0.040819796
H    0.053808603    -0.075566509    -0.036640221
C    -1.658123974    0.250093582    -1.258553059
H    -2.720371971    0.176944439    -1.046652698
H    -1.430304932    1.262962631    -1.588093844
H    -1.405626109    -0.444335178    -2.058583584
O    2.235105078    -0.057298764    -0.162725638
H    2.800082362    -0.770257385    -0.467925044
H    2.814856696    0.706894800    -0.138827144


2823_16PeptideWater110.xyz
C    -0.724304641    -0.704935825    2.283867859
H    0.335318283    -0.629943250    2.053182351
H    -0.951696658    -1.711989614    2.625651462
H    -0.969627843    -0.022079551    3.093765375
C    -1.614935007    -0.387429252    1.104068969
O    -2.837323872    -0.415022087    1.194132775
N    -0.953420370    -0.076404425    -0.040819796
H    0.053808603    -0.075566509    -0.036640221
C    -1.658123974    0.250093582    -1.258553059
H    -2.720371971    0.176944439    -1.046652698
H    -1.430304932    1.262962631    -1.588093844
H    -1.405626109    -0.444335178    -2.058583584
O    2.338971585    -0.056428911    -0.168729431
H    2.903948869    -0.769387532    -0.473928837
H    2.918723203    0.707764653    -0.144830937


2824_16PeptideWater125.xyz
C    -0.724304641    -0.704935825    2.283867859
H    0.335318283    -0.629943250    2.053182351
H    -0.951696658    -1.711989614    2.625651462
H    -0.969627843    -0.022079551    3.093765375
C    -1.614935007    -0.387429252    1.104068969
O    -2.837323872    -0.415022087    1.194132775
N    -0.953420370    -0.076404425    -0.040819796
H    0.053808603    -0.075566509    -0.036640221
C    -1.658123974    0.250093582    -1.258553059
H    -2.720371971    0.176944439    -1.046652698
H    -1.430304932    1.262962631    -1.588093844
H    -1.405626109    -0.444335178    -2.058583584
O    2.650571105    -0.053819353    -0.186740809
H    3.215548389    -0.766777974    -0.491940215
H    3.230322723    0.710374211    -0.162842315


2825_16PeptideWater150.xyz
C    -0.724304641    -0.704935825    2.283867859
H    0.335318283    -0.629943250    2.053182351
H    -0.951696658    -1.711989614    2.625651462
H    -0.969627843    -0.022079551    3.093765375
C    -1.614935007    -0.387429252    1.104068969
O    -2.837323872    -0.415022087    1.194132775
N    -0.953420370    -0.076404425    -0.040819796
H    0.053808603    -0.075566509    -0.036640221
C    -1.658123974    0.250093582    -1.258553059
H    -2.720371971    0.176944439    -1.046652698
H    -1.430304932    1.262962631    -1.588093844
H    -1.405626109    -0.444335178    -2.058583584
O    3.169903640    -0.049470089    -0.216759772
H    3.734880924    -0.762428710    -0.521959178
H    3.749655258    0.714723475    -0.192861278


2826_16PeptideWater200.xyz
C    -0.724304641    -0.704935825    2.283867859
H    0.335318283    -0.629943250    2.053182351
H    -0.951696658    -1.711989614    2.625651462
H    -0.969627843    -0.022079551    3.093765375
C    -1.614935007    -0.387429252    1.104068969
O    -2.837323872    -0.415022087    1.194132775
N    -0.953420370    -0.076404425    -0.040819796
H    0.053808603    -0.075566509    -0.036640221
C    -1.658123974    0.250093582    -1.258553059
H    -2.720371971    0.176944439    -1.046652698
H    -1.430304932    1.262962631    -1.588093844
H    -1.405626109    -0.444335178    -2.058583584
O    4.208568709    -0.040771561    -0.276797699
H    4.773545993    -0.753730182    -0.581997105
H    4.788320327    0.723422003    -0.252899205


